1697808777161 0.24628359079360962 0
1697808777344 0.24628359079360962 1
1697808777525 0.24628359079360962 2
1697808777705 0.24628359079360962 3
1697808777886 0.24628359079360962 4
1697808778067 0.24628359079360962 5
1697808778245 0.24628359079360962 6
1697808778417 0.24628359079360962 7
1697808778604 0.24628359079360962 8
1697808778793 0.24628359079360962 9
1697808778984 0.24628359079360962 10
1697808779171 0.24628359079360962 11
1697808779356 0.24628359079360962 12
1697808779584 0.24628359079360962 13
1697808779762 0.24628359079360962 14
1697808779938 0.24628359079360962 15
1697808780111 0.24628359079360962 16
1697808780286 0.24628359079360962 17
1697808780462 0.24628359079360962 18
1697808780633 0.24628359079360962 19
1697808780804 0.24628359079360962 20
1697808780976 0.24628359079360962 21
1697808781154 0.24628359079360962 22
1697808781332 0.24628359079360962 23
1697808781520 0.24628359079360962 24
