1697808777161 0.0022090552374720573 0
1697808777344 0.002156791277229786 1
1697808777525 0.0021522478200495243 2
1697808777705 0.0021467541810125113 3
1697808777886 0.0021437485702335835 4
1697808778067 0.0021413597278296947 5
1697808778245 0.002143467776477337 6
1697808778417 0.0021433266811072826 7
1697808778604 0.0021464042365550995 8
1697808778793 0.0021434309892356396 9
1697808778984 0.002141582081094384 10
1697808779171 0.0021402162965387106 11
1697808779356 0.002141100587323308 12
1697808779584 0.002137167612090707 13
1697808779762 0.0021426272578537464 14
1697808779938 0.0021439336705952883 15
1697808780111 0.0021391224581748247 16
1697808780286 0.0021400286350399256 17
1697808780462 0.002141979755833745 18
1697808780633 0.0021401741541922092 19
1697808780804 0.0021424212027341127 20
1697808780976 0.0021435304079204798 21
1697808781154 0.002138725947588682 22
1697808781332 0.002139102201908827 23
1697808781520 0.002141703385859728 24
