1697808961802 0.24628359079360962 0
1697808962042 0.24628359079360962 1
1697808962277 0.24628359079360962 2
1697808962566 0.24628359079360962 3
1697808962814 0.24628359079360962 4
1697808963039 0.24628359079360962 5
1697808963299 0.24628359079360962 6
1697808963574 0.24628359079360962 7
1697808963805 0.24628359079360962 8
1697808964110 0.24628359079360962 9
1697808964335 0.24628359079360962 10
1697808964573 0.24628359079360962 11
1697808964843 0.24628359079360962 12
1697808965064 0.24628359079360962 13
1697808965286 0.24628359079360962 14
1697808965496 0.24628359079360962 15
1697808965715 0.24628359079360962 16
1697808965922 0.24628359079360962 17
1697808966153 0.24628359079360962 18
1697808966405 0.24628359079360962 19
1697808966644 0.24628359079360962 20
1697808966901 0.24628359079360962 21
1697808967152 0.24628359079360962 22
1697808967424 0.24628359079360962 23
1697808967631 0.24628359079360962 24
1697808967835 0.24628359079360962 25
1697808968034 0.24628359079360962 26
1697808968264 0.24628359079360962 27
1697808968492 0.24628359079360962 28
1697808968708 0.24628359079360962 29
1697808968977 0.24628359079360962 30
1697808969187 0.24628359079360962 31
1697808969450 0.24628359079360962 32
1697808969767 0.24628359079360962 33
1697808970027 0.24628359079360962 34
1697808970280 0.24628359079360962 35
1697808970557 0.24628359079360962 36
1697808970775 0.24628359079360962 37
1697808971000 0.24628359079360962 38
1697808971220 0.24628359079360962 39
1697808971446 0.24628359079360962 40
1697808971674 0.24628359079360962 41
1697808971898 0.24628359079360962 42
1697808972111 0.24628359079360962 43
1697808972322 0.24628359079360962 44
1697808972550 0.24628359079360962 45
1697808972768 0.24628359079360962 46
1697808972993 0.24628359079360962 47
1697808973208 0.24628359079360962 48
1697808973417 0.24628359079360962 49
