1697808961802 0.0022511198185384274 0
1697808962042 0.0021589654497802258 1
1697808962277 0.0021522408351302147 2
1697808962566 0.002149144886061549 3
1697808962814 0.0021419490221887827 4
1697808963039 0.0021427294705063105 5
1697808963299 0.0021465744357556105 6
1697808963574 0.002142539946362376 7
1697808963805 0.0021407194435596466 8
1697808964110 0.0021379252430051565 9
1697808964335 0.0021389129105955362 10
1697808964573 0.002138740848749876 11
1697808964843 0.002138838404789567 12
1697808965064 0.0021394104696810246 13
1697808965286 0.0021355703938752413 14
1697808965496 0.002137382049113512 15
1697808965715 0.0021363154519349337 16
1697808965922 0.0021350462920963764 17
1697808966153 0.0021386626176536083 18
1697808966405 0.0021356248762458563 19
1697808966644 0.0021390202455222607 20
1697808966901 0.002139272401109338 21
1697808967152 0.002139188116416335 22
1697808967424 0.002138575306162238 23
1697808967631 0.002138562733307481 24
1697808967835 0.0021382158156484365 25
1697808968034 0.002139229327440262 26
1697808968264 0.0021360302343964577 27
1697808968492 0.0021449101623147726 28
1697808968708 0.0021379904355853796 29
1697808968977 0.0021363995037972927 30
1697808969187 0.002134670503437519 31
1697808969450 0.0021384817082434893 32
1697808969767 0.0021389767061918974 33
1697808970027 0.002136059571057558 34
1697808970280 0.0021357841324061155 35
1697808970557 0.0021351587492972612 36
1697808970775 0.0021344947163015604 37
1697808971000 0.002135099843144417 38
1697808971220 0.0021409448236227036 39
1697808971446 0.0021362879779189825 40
1697808971674 0.0021355506032705307 41
1697808971898 0.0021423848811537027 42
1697808972111 0.002136416733264923 43
1697808972322 0.0021353887859731913 44
1697808972550 0.002140309661626816 45
1697808972768 0.002138430019840598 46
1697808972993 0.0021434715017676353 47
1697808973208 0.0021347436122596264 48
1697808973417 0.002139868214726448 49
